seasons <- 2015:2025